1.0866800000 0.1445086496
1.0936200000 0.1524248426
1.1005700000 0.1503294626
1.1075100000 0.0681969483
1.1144600000 0.0637415741
1.1214000000 0.0468175177
1.1283400000 -0.0142198654
1.1352900000 -0.0997330645
1.1422300000 -0.0954023256
1.1491800000 -0.0492365134
1.1561200000 -0.0309574437
1.1630700000 -0.0584065308
1.1700100000 -0.0607967035
1.1769600000 -0.0760180696
1.1839000000 -0.0696971660
1.1908400000 -0.0490535287
1.1977900000 -0.0419228446
1.2047300000 -0.0174652851
1.2116800000 0.0508619287
1.2186200000 0.0455157651
1.2255700000 0.1185491895
1.2325100000 0.0795269439
1.2394600000 0.1854255462
1.2464000000 0.1269013935
1.2533400000 0.1380024120
1.2602900000 0.1734236277
1.2672300000 0.2108641474
1.2741800000 0.1294624753
1.2811200000 0.1193694812
1.2880700000 0.1129862044
1.2950100000 0.0965287666
1.3019600000 0.0414233424
6.1001700000 0.0319386091
6.1071100000 -0.0123857508
6.1140600000 0.0091565844
6.1210000000 0.0308731637
6.1279500000 -0.0400119531
6.1348900000 -0.0629748844
6.1418400000 -0.0392539306
6.1487800000 -0.0514512776
6.1557300000 -0.0678059378
6.1626700000 -0.0606830429
6.1696100000 -0.1530325875
6.1765600000 -0.0499100806
6.1835000000 -0.1406399581
6.1904500000 -0.0803545994
6.1973900000 -0.1570456437
6.2043400000 -0.1293038136
6.2112800000 -0.0941065840
6.2182300000 -0.1246134494
6.2251700000 -0.0926467241
6.2321100000 -0.0606996806
8.0752500000 0.1132937196
8.0822000000 0.1375357798
8.0891400000 0.1875670606
8.0960900000 0.1111498722
8.1030300000 0.1049593866
8.1099700000 0.0425661817
8.1169200000 0.0046194150
8.1238600000 0.0367303836
8.1308100000 -0.0013275816
8.1377500000 -0.0606705074
8.1447000000 -0.1170467136
8.1516400000 -0.0835927427
8.1585900000 -0.1016257305
8.1655300000 -0.0810752878
8.1724700000 -0.1337328225
8.1794200000 -0.1215029580
8.1863600000 -0.1461330944
8.1933100000 -0.1141398301
8.2002500000 -0.0802462822
8.2072000000 -0.0331527540
8.2141400000 -0.0931529782
8.2210900000 -0.0346742042
8.2280300000 0.0632648222
8.2349700000 0.1105570516
8.2419200000 0.1427862361
8.2488600000 0.1035230865
8.2558100000 0.2107783625
8.2627500000 0.2366851926
8.2697000000 0.2392505958
8.2766400000 0.1322425649
8.2835900000 0.2359865883
8.2905300000 0.2360783482
8.2974700000 0.2017692975
17.0782800000 -0.1625246089
17.0852200000 -0.1030911275
17.0921700000 -0.0301487911
17.0991100000 0.0040167579
17.1060600000 0.0143927217
17.1130000000 0.0362057796
17.1199500000 0.0608367606
17.1268900000 0.0846728535
17.1338400000 0.1372162062
17.1407800000 0.1582187052
17.1477200000 0.1431727258
17.1546700000 0.1534206043
17.1616100000 0.2027311678
17.1685600000 0.1622857257
17.1755000000 0.1060953093
17.1824500000 0.0888001563
17.1893900000 0.0433131137
17.1963400000 -0.0173953029
17.2032800000 -0.0655696371
17.2102200000 -0.0760009467
17.2171700000 -0.1188467679
17.2241100000 -0.0910111127
17.2310600000 -0.0677345034
17.2380000000 -0.1543729669
17.2449500000 -0.1461617430
17.2518900000 -0.1307840342
17.2588400000 -0.1596520412
17.2657800000 -0.1197621101
17.2727200000 -0.0641119115
17.2796700000 -0.0394289744
17.2866100000 -0.0275379886
17.2935600000 0.1065805200
18.1589100000 0.1724898383
18.1658500000 0.1700185671
18.1728000000 0.1425015715
18.1797400000 0.1720463860
18.1866800000 0.1886688810
18.1936300000 0.1534782868
18.2005700000 0.1291166651
18.2075200000 0.1094476791
18.2144600000 0.0476320393
18.2214100000 0.0460984563
18.2283500000 0.0242012035
18.2353000000 0.0841832499
18.2422400000 0.0258314421
18.2491800000 -0.0410425562
18.2561300000 -0.0662075389
18.2630700000 -0.0730130792
18.2700200000 -0.1223038338
18.2769600000 -0.0220885026
18.2839100000 -0.0995525742
18.2908500000 -0.0815316916
21.1066100000 -0.0034949799
21.1135500000 0.0424196876
21.1205000000 0.0802771817
21.1274400000 0.1061128078
21.1343900000 0.1506987979
21.1413300000 0.2167444130
21.1482700000 0.2065949546
21.1552200000 0.2201508849
21.1621600000 0.2705303410
21.1691100000 0.2495619654
21.1760500000 0.2221710814
21.1830000000 0.1647156154
21.1899400000 0.1823897188
21.1968900000 0.1139080850
21.2038300000 0.0720196089
21.2107700000 0.0641612482
21.2177200000 0.0562010509
21.2246600000 -0.0322679083
21.2316100000 -0.0254571557
21.2385500000 -0.0870118834
21.2455000000 -0.1618201281
21.2524400000 -0.1759641545
21.2593900000 -0.1502152956
21.2663300000 -0.2126073894
21.2732700000 -0.1432932912
21.2802200000 -0.1487476465
21.2871600000 -0.2122559252
21.2941100000 -0.1378491175
21.3010500000 -0.0671899689
21.3080000000 -0.0765098308
21.3149400000 -0.0985727430
21.3218900000 -0.0392144542
23.1160100000 -0.0792549806
23.1229600000 -0.1124582506
23.1299000000 -0.0731385682
23.1368500000 -0.0763253067
23.1437900000 -0.0589598104
23.1507400000 -0.0778712299
23.1576800000 -0.0540319008
23.1646200000 0.0014366590
23.1715700000 -0.0284785594
23.1785100000 -0.0351397090
23.1854600000 -0.0323851868
23.1924000000 0.0134380932
23.1993500000 -0.0324797964
23.2062900000 -0.0474024499
23.2132400000 -0.0067756712
23.2201800000 -0.0074976974
23.2271200000 0.0147454146
23.2340700000 -0.0485160326
23.2410100000 -0.0550199228
23.2479600000 -0.0655703929
23.2549000000 -0.0168554069
23.2618500000 -0.0535034023
23.2687900000 -0.0514318056
23.2757400000 -0.0542729342
23.2826800000 -0.0990794243
23.2896200000 -0.1171182389
23.2965700000 -0.1122167863
23.3035100000 -0.1385996415
31.0959000000 0.0993269784
31.1028400000 0.0592748868
31.1097900000 0.0400690423
31.1167300000 0.0371646824
31.1236700000 0.0169253549
31.1306200000 -0.0952840014
31.1375600000 -0.0333969360
31.1445100000 -0.0462374434
31.1514500000 -0.0879715922
31.1584000000 -0.0524806971
31.1653400000 -0.0910126458
31.1722900000 -0.0653244358
31.1792300000 -0.0356325981
31.1861700000 -0.0579801524
31.1931200000 -0.0902364620
31.2000600000 -0.0319125569
31.2070100000 -0.0573529150
31.2139500000 0.0357378844
31.2209000000 0.0166657020
31.2278400000 0.0266112180
31.2347900000 0.0305343124
31.2417300000 0.0748459013
31.2486700000 0.0187574628
31.2556200000 0.0874156685
31.2625600000 0.0503370898
31.2695100000 0.0627141560
31.2764500000 0.0781833252
31.2834000000 0.0110588520
31.2903400000 0.0248477743
31.2972900000 0.0193268377
31.3042300000 -0.0375105540
31.3111700000 -0.0378698520
31.3181200000 -0.0309182765
34.0763600000 0.0837138901
34.0833100000 0.0378240103
34.0902500000 0.0367172972
34.0972000000 -0.0310965399
34.1041400000 -0.0420585820
34.1110900000 -0.0631038724
34.1180300000 -0.1232421860
34.1249700000 -0.1631530139
34.1319200000 -0.1509872715
34.1388600000 -0.1966170287
34.1458100000 -0.2384374706
34.1527500000 -0.2509409903
34.1597000000 -0.2432443893
34.1666400000 -0.2025287919
34.1735900000 -0.2413170634
34.1805300000 -0.2456280118
34.1874700000 -0.1841056530
34.1944200000 -0.1463977727
34.2013600000 -0.1163506808
34.2083100000 -0.0919235482
34.2152500000 -0.0385513356
34.2222000000 0.0351083233
34.2291400000 0.0075995707
34.2360900000 0.0312637271
34.2430300000 0.1543502580
34.2499700000 0.1155850690
34.2569200000 0.1334131796
34.2638600000 0.0666832189
34.2708100000 0.0858547301
34.2777500000 0.1210514983
34.2847000000 0.0676716347
34.2916400000 0.0684652858
34.2985900000 0.0040094424
34.3055300000 -0.0281488687
38.1352600000 0.0188995318
38.1422000000 -0.0125306231
38.1491500000 -0.0929720257
38.1560900000 -0.1240671703
38.1630400000 -0.1074980633
38.1699800000 -0.0793937676
38.1769300000 -0.1071295804
38.1838700000 -0.1108018815
38.1908200000 -0.1158813743
38.1977600000 -0.0661591478
38.2047000000 -0.1110508732
38.2116500000 -0.0583362578
38.2185900000 0.0582450760
38.2255400000 0.0347270151
38.2324800000 0.0899276036
38.2394300000 0.1464179471
38.2463700000 0.1532031164
38.2533200000 0.1868221481
38.2602600000 0.1929074413
38.2672000000 0.2044776127
38.2741500000 0.2435408431
38.2810900000 0.3030801363
38.2880400000 0.2631893505
38.2949800000 0.2166434089
38.3019300000 0.2103082282
38.3088700000 0.2341924012
38.3158200000 0.1077204074
40.0943400000 0.1431095018
40.1012800000 0.0028628522
40.1082300000 0.0912050989
40.1151700000 0.1009032201
40.1221200000 0.1085697342
40.1290600000 0.1149111601
40.1360000000 0.0896006642
40.1429500000 0.0710976160
40.1498900000 0.0795931427
40.1568400000 0.0801832480
40.1637800000 0.0638036975
40.1707300000 0.0579182273
40.1776700000 -0.0195158269
40.1846200000 0.0091713599
40.1915600000 0.0196178599
40.1985000000 0.0172016949
40.2054500000 -0.0444066879
40.2123900000 -0.0343555692
40.2193400000 -0.0223957296
40.2262800000 -0.0541621658
40.2332300000 0.0516128242
40.2401700000 0.0366306364
54.0873500000 -0.2090961530
54.0942900000 -0.1345691810
54.1012400000 -0.0928692233
54.1081800000 -0.1128575829
54.1151200000 -0.0320307872
54.1220700000 -0.0739417259
54.1290100000 0.0088876319
54.1359600000 0.0842004916
54.1429000000 0.0431918741
54.1498500000 0.1161145515
54.1567900000 0.0717860834
54.1637400000 0.0520349761
54.1706800000 0.0548444324
54.1776200000 0.0599600685
54.1845700000 0.0765806880
54.1915100000 0.0627757433
54.1984600000 -0.0296221150
54.2054000000 -0.0162488467
54.2123500000 -0.0343233544
54.2192900000 -0.0931044609
54.2262400000 -0.0937521113
54.2331800000 -0.1013502677
54.2401200000 -0.2147766244
54.2470700000 -0.1493756291
54.2540100000 -0.1854290379
54.2609600000 -0.1953061155
54.2679000000 -0.1934710536
54.2748500000 -0.1639061657
54.2817900000 -0.1341509625
54.2887400000 -0.1486325215
54.2956800000 -0.1158308068
54.3026200000 -0.0473997637
54.3095700000 0.0112833733
54.3165100000 0.0058693394
57.0823500000 0.0335390798
57.0893000000 0.0591872002
57.0962400000 0.0078252189
57.1031800000 0.0114046279
57.1101300000 0.0246511681
57.1170700000 -0.0157028163
57.1240200000 0.0259584789
57.1309600000 0.0209733209
57.1379100000 0.0626230219
57.1448500000 0.0187224790
57.1518000000 0.0127484989
57.1587400000 0.0422705439
57.1656800000 0.0373644645
57.1726300000 0.0389886917
57.1795700000 0.0967337404
57.1865200000 0.0816153890
57.1934600000 0.0607770810
57.2004100000 0.1307588708
57.2073500000 0.0462321810
57.2143000000 0.1053796849
57.2212400000 0.0809258408
57.2281800000 0.0692291456
57.2351300000 0.1304386444
57.2420700000 0.1209252644
57.2490200000 0.0866139687
61.1240700000 -0.0311530344
61.1310100000 0.0374132848
61.1379600000 -0.0800804628
61.1449000000 -0.0454151200
61.1518400000 -0.0960162115
61.1587900000 -0.0827222519
61.1657300000 -0.0765822793
61.1726800000 -0.0587369857
61.1796200000 -0.1119023178
61.1865700000 -0.0824856456
61.1935100000 -0.0857982144
61.2004600000 -0.0733107168
61.2074000000 -0.0651407281
61.2143400000 -0.0025298645
61.2212900000 -0.0676787875
61.2282300000 -0.0509354731
61.2351800000 0.0388685895
61.2421200000 0.0315171686
61.2490700000 -0.0310111444
61.2560100000 -0.0186245626
61.2629600000 -0.0442602515
61.2699000000 -0.0022287714
63.0580500000 -0.0217209237
63.0649900000 -0.0056082678
63.0719400000 -0.0261216644
63.0788800000 -0.0732414492
63.0858300000 -0.0491838358
63.0927700000 -0.1559055389
63.0997200000 -0.2077124045
63.1066600000 -0.1580870290
63.1136000000 -0.2530996725
63.1205500000 -0.2386560357
63.1274900000 -0.2242780817
63.1344400000 -0.2660207979
63.1413800000 -0.2450537694
63.1483300000 -0.2066288277
63.1552700000 -0.1735706400
63.1622200000 -0.1810589585
63.1691600000 -0.1042092646
63.1761000000 -0.0532388034
63.1830500000 -0.1002725321
63.1899900000 -0.0488662068
63.1969400000 -0.0290490920
63.2038800000 0.0629274051
63.2108300000 0.0819393179
63.2177700000 0.0989850536
63.2247200000 0.0968516306
63.2316600000 0.0638662475
63.2386000000 0.1055092348
63.2455500000 0.1209582301
63.2524900000 0.0818342034
63.2594400000 0.1121674107
63.2663800000 0.0810557202
63.2733300000 -0.0127149601
63.2802700000 -0.0139767683
63.2872200000 -0.1193082810
63.2941600000 -0.0872544423
63.3011000000 -0.1681380527
63.3080500000 -0.1891348662
63.3149900000 -0.1926425909
63.3219400000 -0.1906007521
66.1417600000 -0.0167703138
66.1487000000 -0.0001446952
66.1556400000 -0.0087553408
66.1625900000 -0.0131424976
66.1695300000 0.0403259322
66.1764800000 0.0338540724
66.1834200000 -0.0550545547
66.1903700000 0.0770269416
66.1973100000 0.0607210719
66.2042600000 0.0824741587
66.2112000000 0.0531496538
66.2181400000 0.1589456087
66.2250900000 0.0529816183
66.2320300000 0.0894806290
66.2389800000 0.1237906603
66.2459200000 0.1601963368
66.2528700000 0.1240271998
66.2598100000 0.0765375307
66.2667600000 0.0445013760
66.2737000000 0.0853597189
66.2806400000 0.0830661116
66.2875900000 0.0857992615
83.0858700000 -0.1071031202
83.0928200000 -0.0399433884
83.0997600000 -0.0611568037
83.1067100000 -0.0660424031
83.1136500000 -0.0127263210
83.1206000000 0.0222065840
83.1275400000 0.0092172198
83.1344900000 0.0084801827
83.1414300000 0.0078934834
83.1483700000 -0.0117267043
83.1553200000 -0.0109158801
83.1622600000 -0.0134983652
83.1692100000 -0.0276162373
83.1761500000 -0.0029511981
83.1831000000 -0.0386778342
83.1900400000 -0.0729917560
83.1969900000 -0.0406013259
83.2039300000 -0.0394213409
83.2108700000 -0.0582098549
83.2178200000 -0.0630885218
83.2247600000 -0.0534417792
83.2317100000 -0.1494535165
83.2386500000 -0.0490379154
83.2456000000 -0.0981920520
83.2525400000 -0.1104444504
83.2594900000 -0.0617276149
83.2664300000 -0.0401065489
83.2733700000 -0.0295587363
83.2803200000 -0.0256146691
89.0162900000 0.2821176763
89.0232400000 0.2155886334
89.0301800000 0.1892068713
89.0371300000 0.1394891428
89.0440700000 0.1517102677
89.0510200000 0.1056910593
89.0579600000 0.0559102430
89.0649000000 0.0418796959
89.0718500000 -0.0409601215
89.0787900000 -0.0072837752
89.0857400000 -0.1358654330
89.0926800000 -0.0995625430
89.0996300000 -0.1063255970
89.1065700000 -0.1194038478
89.1135200000 -0.2045616321
89.1204600000 -0.1720947403
89.1274000000 -0.1306083563
89.1343500000 -0.1141227190
89.1412900000 -0.0215709076
89.1482400000 -0.0258582156
89.1551800000 0.0050130196
89.1621300000 0.0667835669
89.1690700000 0.0564992844
89.1760200000 0.0696007967
89.1829600000 0.0607209075
89.1899000000 0.1547238158
89.1968500000 0.1733975483
89.2037900000 0.1445646059
89.2107400000 0.1447971764
89.2176800000 0.1967801228
89.2246300000 0.1672387037
89.2315700000 0.1449227218
89.2385200000 0.0700563623
89.2454600000 0.1192260658
89.2524000000 -0.0178703659
89.2593500000 -0.0027897868
89.2662900000 -0.0594312688
89.2732400000 -0.1045036349
89.2801800000 -0.1898416314
89.2871300000 -0.1677907627
89.2940700000 -0.2206726473
89.3010200000 -0.1716950397
89.3079600000 -0.2101873654
89.3149000000 -0.2709632308
98.1146500000 0.0683974275
98.1216000000 0.1091464645
98.1285400000 0.0759094501
98.1354900000 0.0617148132
98.1424300000 0.0420499506
98.1493800000 -0.0143195289
98.1563200000 -0.1076481495
98.1632600000 -0.1083184499
98.1702100000 -0.0901419037
98.1771500000 -0.1217627356
98.1841000000 -0.0996956903
98.1910400000 -0.1215533260
98.1979900000 -0.1178034149
98.2049300000 -0.0585017517
98.2118800000 -0.0819661152
98.2188200000 -0.0582558965
98.2257600000 -0.0149930474
98.2327100000 0.0025015549
98.2396500000 0.0106496613
98.2466000000 0.1520114129
98.2535400000 0.1074142988
105.1183600000 0.1537508948
105.1253000000 0.1168823481
105.1322500000 0.1441986770
105.1391900000 0.0726925951
105.1461400000 0.0681133408
105.1530800000 0.0097899872
105.1600300000 -0.0195297182
105.1669700000 -0.0549650814
105.1739200000 -0.0726781921
105.1808600000 -0.0865471848
105.1878000000 -0.0982040579
105.1947500000 -0.0997168781
105.2016900000 -0.0887487281
105.2086400000 -0.1063173148
105.2155800000 -0.0747145686
105.2225300000 -0.0456220859
105.2294700000 0.0209285171
105.2364200000 0.0091565546
105.2433600000 0.0346613592
105.2503000000 0.0324394148
106.0876000000 0.1109899409
106.0945500000 0.1633183290
106.1014900000 0.1925372952
106.1084400000 0.2271109435
106.1153800000 0.3031774316
106.1223300000 0.2781832802
106.1292700000 0.2587394333
106.1362100000 0.2606592313
106.1431600000 0.1500156608
106.1501000000 0.1650677030
106.1570500000 0.1452100676
106.1639900000 0.1078817927
106.1709400000 0.0965001565
106.1778800000 0.0141745933
106.1848300000 -0.0110922334
106.1917700000 -0.0026475054
106.1987100000 -0.0914520642
106.2056600000 -0.0466838249
106.2126000000 -0.1212302754
106.2195500000 -0.1206984748
106.2264900000 -0.0762262488
106.2334400000 -0.1032115880
106.2403800000 -0.1159257209
106.2473300000 -0.0693012888
106.2542700000 -0.0252118277
106.2612100000 -0.0601125353
106.2681600000 0.0327966542
106.2751000000 0.1128646469
106.2820500000 0.1036764596
106.2889900000 0.1533483986
106.2959400000 0.1697002362
106.3028800000 0.1843871444
106.3098300000 0.2256501899
106.3167700000 0.2320986767
110.0398200000 -0.2255650396
110.0467700000 -0.2048553823
110.0537100000 -0.2081660890
110.0606600000 -0.1706957120
110.0676000000 -0.1346915784
110.0745400000 -0.0644236381
110.0814900000 -0.0976130048
110.0884300000 0.0143270924
110.0953800000 -0.0174951249
110.1023200000 0.0763293026
110.1092700000 0.0644439817
110.1162100000 0.0960380283
110.1231600000 0.1287760712
110.1301000000 0.1050852716
110.1370400000 0.1517999647
110.1439900000 0.1171498141
110.1509300000 0.1374163215
110.1578800000 0.0884537197
110.1648200000 0.1019732851
110.1717700000 0.0566585001
110.1787100000 -0.0141768220
110.1856600000 0.0095049054
110.1926000000 -0.0828579798
110.1995400000 -0.1266409837
110.2064900000 -0.1686939010
110.2134300000 -0.1598396307
110.2203800000 -0.2256947623
110.2273200000 -0.2664572924
110.2342700000 -0.2431802354
110.2412100000 -0.2802154818
110.2481600000 -0.2461459114
110.2551000000 -0.1954747126
110.2620400000 -0.2465097643
110.2689900000 -0.2133043892
110.2759300000 -0.1196622638
110.2828800000 -0.0629305197
110.2898200000 -0.0881679575
110.2967700000 -0.0677520677
110.3037100000 -0.0164392170
110.3106600000 -0.0053276269
110.3176000000 0.0694379831
110.3245400000 0.0892896834
111.0989000000 -0.1397729672
111.1058500000 -0.0955146948
111.1127900000 -0.0826552652
111.1197400000 -0.0180824197
111.1266800000 -0.0202510035
111.1336200000 -0.0151223673
111.1405700000 0.0053430577
111.1475100000 0.0115278827
111.1544600000 0.0819428503
111.1614000000 0.0614969002
111.1683500000 0.0418237341
111.1752900000 0.0561508279
111.1822400000 0.0871494330
111.1891800000 0.0381786458
111.1961200000 -0.0158612384
111.2030700000 -0.0162840954
111.2100100000 -0.0279889061
111.2169600000 -0.0312381519
111.2239000000 -0.0773750633
111.2308500000 -0.0743456524
111.2377900000 -0.1230506296
111.2447400000 -0.0751321914
121.0494900000 -0.0651391398
121.0564300000 -0.0721806341
121.0633700000 -0.0915173713
121.0703200000 -0.2007134856
121.0772600000 -0.0993286476
121.0842100000 -0.1411302567
121.0911500000 -0.0746130594
121.0981000000 -0.0728810297
121.1050400000 -0.1426316390
121.1119900000 -0.1409208781
121.1189300000 -0.1154163918
121.1258700000 -0.1192218746
121.1328200000 -0.1018401612
121.1397600000 -0.0549042716
121.1467100000 0.0038193542
121.1536500000 -0.0405104616
121.1606000000 -0.0223616735
121.1675400000 -0.0026209098
121.1744900000 -0.0112394441
121.1814300000 0.0025925816
121.1883700000 -0.0441948696
121.1953200000 -0.0177353893
121.2022600000 0.0149997053
121.2092100000 0.0184901014
121.2161500000 -0.0147363785
121.2231000000 0.0221308447
121.2300400000 -0.0729949332
121.2369900000 -0.0703538820
121.2439300000 -0.0406223042
121.2508700000 -0.0613567572
121.2578200000 -0.1265319562
121.2647600000 -0.0907408657
121.2717100000 -0.1085814230
121.2786500000 -0.1262637923
135.0199200000 -0.0022316074
135.0268600000 0.0238394735
135.0338100000 0.0001230435
135.0407500000 0.0956129145
135.0477000000 0.1429209077
135.0546400000 0.1050103813
135.0615800000 0.1976419512
135.0685300000 0.1984949597
135.0754700000 0.2218071454
135.0824200000 0.2128487317
135.0893600000 0.2379873714
135.0963100000 0.2747913767
135.1032500000 0.1836451109
135.1102000000 0.1760366998
135.1171400000 0.2328000907
135.1240800000 0.1714613211
135.1310300000 0.1114053903
135.1379700000 0.0755853456
135.1449200000 0.0999873243
135.1518600000 0.0030379928
135.1588100000 0.0078006947
135.1657500000 -0.0540154384
135.1727000000 -0.0558061084
135.1796400000 -0.0889157357
135.1865800000 -0.0748816460
135.1935300000 -0.1149311979
135.2004700000 -0.0368800009
135.2074200000 -0.0574624634
135.2143600000 -0.1140922839
135.2213100000 -0.0294426976
135.2282500000 -0.0512176059
135.2352000000 -0.0208177672
135.2421400000 0.0558988716
135.2490800000 0.0433351431
135.2560300000 0.1101430093
135.2629700000 0.1254049601
135.2699200000 0.1113153380
135.2768600000 0.1728512410
135.2838100000 0.1891180558
135.2907500000 0.2248268243
135.2977000000 0.2089655070
135.3046400000 0.2167500495
135.3115800000 0.2135377727
135.3185300000 0.1708938134
135.3254700000 0.1433897513
164.0813400000 0.1810379226
164.0882900000 0.1881938242
164.0952300000 0.1366487119
164.1021800000 0.1580137953
164.1091200000 0.1077411432
164.1160600000 0.1131250888
164.1230100000 0.0684350480
164.1299500000 0.0159078726
164.1369000000 0.0296123943
164.1438400000 -0.0526394845
164.1507900000 -0.0453366315
164.1577300000 -0.0361122763
164.1646800000 -0.0981489287
164.1716200000 -0.0118334926
164.1785600000 -0.0736414609
164.1855100000 -0.0841733518
164.1924500000 -0.0722818206
164.1994000000 -0.0382275174
164.2063400000 0.0229453527
164.2132900000 0.0475427586
164.2202300000 0.0565897926
164.2271800000 0.0724671780
164.2341200000 0.1124620275
164.2410600000 0.1368601302
164.2480100000 0.1968937940
164.2549500000 0.2199087925
164.2619000000 0.1744823856
164.2688400000 0.2216511452
164.2757900000 0.2096924726
164.2827300000 0.2242971416
165.0776900000 0.2097865674
165.0846300000 0.2407342507
165.0915800000 0.2613248051
165.0985200000 0.2990345062
165.1054600000 0.2720053901
165.1124100000 0.2440272594
165.1193500000 0.2032371134
165.1263000000 0.1631350064
165.1332400000 0.0816169117
165.1401900000 0.0633263317
165.1471300000 0.0529888711
165.1540800000 -0.0147712590
165.1610200000 -0.0446943284
165.1679600000 -0.0620649711
165.1749100000 -0.1393608176
165.1818500000 -0.1127490482
165.1888000000 -0.1556752807
165.1957400000 -0.2031543088
165.2026900000 -0.1465897514
165.2096300000 -0.1324062707
165.2165800000 -0.1259219952
165.2235200000 -0.0962881874
165.2304600000 -0.0608719830
165.2374100000 -0.0216443892
165.2443500000 0.0148677840
165.2513000000 -0.0259902799
165.2582400000 0.1000157971
165.2651900000 0.1187811462
165.2721300000 0.0825590676
165.2790800000 0.1609115261
165.2860200000 0.1843216651
165.2929600000 0.1464924129
174.0574000000 -0.1112441702
174.0643500000 -0.1259021849
174.0712900000 -0.0537965597
174.0782400000 -0.0822959223
174.0851800000 -0.0784564627
174.0921300000 -0.0644445421
174.0990700000 0.0047064118
174.1060200000 0.0200526384
174.1129600000 0.0741853208
174.1199000000 0.0832278789
174.1268500000 0.1170460220
174.1337900000 0.1854493095
174.1407400000 0.2292966356
174.1476800000 0.1853169612
174.1546300000 0.2249575043
174.1615700000 0.2793537025
174.1685200000 0.1967307143
174.1754600000 0.1894873424
174.1824000000 0.2241771850
174.1893500000 0.1214607672
174.1962900000 0.1186268559
174.2032400000 0.0922795436
174.2101800000 0.0636406926
174.2171300000 0.0602257814
174.2240700000 0.0356578415
174.2310200000 -0.0516971350
174.2379600000 -0.0383055725
174.2449000000 -0.0989180245
174.2518500000 -0.1065731393
174.2587900000 -0.0906552333
174.2657400000 -0.0673246663
174.2726800000 -0.0639486586
174.2796300000 -0.0889599640
174.2865700000 -0.0864405010
174.2935200000 -0.0957486861
174.3004600000 -0.0441574051
185.1425800000 0.0596612726
185.1495200000 0.0015026173
185.1564700000 0.0675196580
185.1634100000 0.0359232973
185.1703600000 0.0809411112
185.1773000000 0.0790341880
185.1842500000 0.1270297371
185.1911900000 0.1128671241
185.1981400000 0.1407393778
185.2050800000 0.1291078877
185.2120200000 0.0989490296
185.2189700000 0.0768314350
185.2259100000 0.0871355552
185.2328600000 0.0216492232
185.2398000000 0.0914190048
185.2467500000 0.0307625823
185.2536900000 -0.0924691795
185.2606400000 -0.0316572765
185.2675800000 -0.0761457487
185.2745200000 -0.1558966037
185.2814700000 -0.1826135212
185.2884100000 -0.1591731692
188.1412000000 -0.1413832338
188.1481400000 -0.0917130503
188.1550900000 -0.0739116270
188.1620300000 -0.1371061337
188.1689800000 -0.0983955066
188.1759200000 -0.0933269393
188.1828700000 -0.0634573772
188.1898100000 -0.0571013439
188.1967600000 -0.0467207709
188.2037000000 -0.1044510161
188.2106400000 -0.1073220941
188.2175900000 -0.0617382902
188.2245300000 -0.0452138110
188.2314800000 -0.0510545263
188.2384200000 -0.0476661767
188.2453700000 -0.0562992594
188.2523100000 0.0151169421
188.2592600000 -0.0591655213
188.2662000000 -0.0088158394
188.2731400000 -0.0457260619
188.2800900000 -0.0774841725
188.2870300000 -0.0133425331
188.2939800000 -0.0551540680
188.3009200000 -0.0917840212
188.3078700000 -0.0383934729
188.3148100000 -0.0664693896
192.0452700000 0.0204204537
192.0522200000 0.0405988982
192.0591600000 0.0847263692
192.0661000000 0.0642307133
192.0730500000 0.1014886874
192.0799900000 0.1171708403
192.0869400000 0.1148247357
192.0938800000 0.1364452732
192.1008300000 0.1241688699
192.1077700000 0.1152549447
192.1147200000 0.1204378133
192.1216600000 0.1036386551
192.1286000000 0.0608905277
192.1355500000 0.0613745178
192.1424900000 0.0554514228
192.1494400000 0.0602811586
192.1563800000 0.0321359821
192.1633300000 0.0085020365
192.1702700000 0.0109338443
192.1772200000 0.0529142483
192.1841600000 0.0457407336
192.1911000000 -0.0340082466
192.1980500000 0.0048621989
192.2049900000 0.0279131630
192.2119400000 0.0472676433
192.2188800000 0.0684731091
192.2258300000 0.0878931789
192.2327700000 0.0429575973
192.2397200000 0.0997122316
192.2466600000 0.0832585596
192.2536000000 0.1467439677
192.2605500000 0.0747570339
192.2674900000 0.0509511321
192.2744400000 0.0817027652
192.2813800000 0.1101641375
222.1622600000 0.0346478327
222.1692000000 0.0343792300
222.1761500000 0.0588826424
222.1830900000 0.0687471101
222.1900400000 0.0839383580
222.1969800000 0.0569066660
222.2039300000 0.0699065985
222.2108700000 0.1105084635
222.2178100000 0.0556033523
222.2247600000 0.0166299222
222.2317000000 0.0910534097
222.2386500000 0.0760109878
222.2455900000 0.0553254285
222.2525400000 0.0717772222
222.2594800000 0.0528650213
222.2664300000 0.0773443756
222.2733700000 0.1096903113
222.2803100000 0.0300775144
255.1077800000 0.0494711844
255.1147200000 0.0290943318
255.1216600000 -0.0104854108
255.1286100000 -0.0168208305
255.1355500000 -0.0180676337
255.1425000000 -0.0502321165
255.1494400000 -0.1356947302
255.1563900000 -0.0989721867
255.1633300000 -0.1255287161
255.1702800000 -0.2249613129
255.1772200000 -0.1468716157
255.1841600000 -0.2379889024
255.1911100000 -0.1650005963
255.1980500000 -0.1882353524
255.2050000000 -0.1514516149
255.2119400000 -0.1505804980
255.2188900000 -0.1623167668
255.2258300000 -0.1214351315
255.2327800000 -0.0510577948
255.2397200000 -0.0961421007
255.2466600000 -0.0373880763
255.2536100000 -0.0790443570
255.2605500000 0.0586263178
255.2675000000 -0.0283960008
255.2744400000 -0.0340509472
259.1403300000 0.1071204149
259.1472800000 0.0491763106
259.1542200000 0.0698942407
259.1611700000 0.0601405856
259.1681100000 0.0476938452
259.1750600000 0.0310890439
259.1820000000 -0.0105211878
259.1889400000 0.0384363005
259.1958900000 0.0038806957
259.2028300000 -0.0591997543
259.2097800000 -0.0426084826
259.2167200000 -0.0794322241
259.2236700000 -0.0604178586
259.2306100000 -0.0298062845
259.2375600000 -0.0206237511
259.2445000000 0.0304366266
259.2514400000 0.0571216837
259.2583900000 0.0024832805
259.2653300000 0.0709546137
259.2722800000 0.1391105456
267.0368100000 -0.1987796799
267.0437500000 -0.2020087779
267.0507000000 -0.2111141486
267.0576400000 -0.2171285821
267.0645900000 -0.2163009447
267.0715300000 -0.1789800081
267.0784700000 -0.0960194397
267.0854200000 -0.1937679363
267.0923600000 -0.1048662422
267.0993100000 -0.1330712690
267.1062500000 -0.0573528521
267.1132000000 -0.0223491577
267.1201400000 0.0141045984
267.1270900000 0.0467111271
267.1340300000 0.0950801651
267.1409700000 0.0922348185
267.1479200000 0.1402745897
267.1548600000 0.1163045412
267.1618100000 0.0891226269
267.1687500000 0.1355281820
267.1757000000 0.1318702746
267.1826400000 0.1348050440
267.1895900000 0.0758867111
267.1965300000 0.0703574713
267.2034700000 0.0634462026
267.2104200000 0.0304399731
267.2173600000 -0.0577564846
267.2243100000 -0.0405764599
267.2312500000 -0.0401460011
267.2382000000 -0.0871250661
267.2451400000 -0.1223611878
267.2520900000 -0.1041768956
267.2590300000 -0.1493501604
267.2659700000 -0.1391479172
267.2729200000 -0.0704653967
267.2798600000 -0.0874288645
267.2868100000 -0.0691514969
267.2937500000 -0.0566083274
267.3007000000 -0.0129822561
267.3076400000 0.0363154044
276.0865100000 -0.0920794436
276.0934500000 -0.0947112091
276.1004000000 -0.1600642594
276.1073400000 -0.1514680674
276.1142900000 -0.1373052361
276.1212300000 -0.1985791749
276.1281800000 -0.1656314567
276.1351200000 -0.1518633109
276.1420600000 -0.0874505339
276.1490100000 -0.0974593645
276.1559500000 -0.0062890481
276.1629000000 -0.0905074048
276.1698400000 -0.0513226105
276.1767900000 -0.0783325760
276.1837300000 -0.0620939342
276.1906800000 0.0969774732
276.1976200000 -0.0384450103
276.2045600000 0.0769383127
276.2115100000 0.0811932365
276.2184500000 0.0286229937
276.2254000000 0.0889352338
276.2323400000 0.0970829531
276.2392900000 0.0832599153
276.2462300000 0.1120758580
282.0647500000 0.0423064052
282.0717000000 0.0117726680
282.0786400000 0.0070132068
282.0855900000 -0.0351736089
282.0925300000 -0.0641625119
282.0994700000 -0.1215266903
282.1064200000 -0.0731803350
282.1133600000 -0.1350123016
282.1203100000 -0.1267845976
282.1272500000 -0.1024618908
282.1342000000 -0.0716342949
282.1411400000 -0.0986336427
282.1480900000 -0.0979907155
282.1550300000 -0.0412596626
282.1619700000 0.0195478825
282.1689200000 0.0018114330
282.1758600000 -0.0062841505
282.1828100000 0.0292841365
282.1897500000 0.0311578641
282.1967000000 0.0847656140
282.2036400000 0.0226986146
282.2105900000 0.0956755873
282.2175300000 0.0504314865
282.2244700000 0.1266908398
282.2314200000 0.0474452802
282.2383600000 0.0437713193
282.2453100000 0.1032471140
282.2522500000 0.0191647949
282.2592000000 -0.0225605555
282.2661400000 -0.0534668279
282.2730900000 -0.0424734988
282.2800300000 -0.1197517790
282.2869700000 -0.1787042737
282.2939200000 -0.1086365948
285.0578000000 -0.0312849287
285.0647400000 -0.0131914122
285.0716900000 -0.0225626187
285.0786300000 -0.0382667163
285.0855700000 -0.0550082889
285.0925200000 -0.0197625705
285.0994600000 -0.0397738211
285.1064100000 -0.0155359160
285.1133500000 -0.0285831276
285.1203000000 -0.0252347053
285.1272400000 -0.0256130027
285.1341900000 -0.0345720276
285.1411300000 -0.0665980449
285.1480700000 -0.0603464441
285.1550200000 -0.0527428117
285.1619600000 -0.0838759483
285.1689100000 -0.1359236307
285.1758500000 -0.1078940280
285.1828000000 -0.0931684700
285.1897400000 -0.1490950776
285.1966900000 -0.0228921975
285.2036300000 -0.0847233028
285.2105700000 -0.1055447486
285.2175200000 -0.0597220563
285.2244600000 -0.0309495284
285.2314100000 -0.0335048548
285.2383500000 -0.0198408985
285.2453000000 0.0427517766
285.2522400000 -0.0238583917
285.2591900000 -0.0015100666
285.2661300000 0.0199800995
285.2730700000 0.0881033578
285.2800200000 -0.0090369330
285.2869600000 0.0223155731
285.2939100000 0.0797530880
285.3008500000 0.0308537469
285.3078000000 0.0620530923
286.1103500000 -0.0725437783
286.1172900000 -0.0847296005
286.1242400000 -0.1200645373
286.1311800000 -0.1031437310
286.1381200000 -0.1416233079
286.1450700000 -0.1238918960
286.1520100000 -0.0925761004
286.1589600000 -0.0818261660
286.1659000000 -0.0985965398
286.1728500000 -0.1081884557
286.1797900000 -0.0438848809
286.1867400000 -0.0310163206
286.1936800000 0.0301393451
286.2006200000 0.0405050748
286.2075700000 0.0837148623
286.2145100000 0.0594054020
286.2214600000 0.0723019598
286.2284000000 0.1252355794
286.2353500000 0.1019647317
286.2422900000 0.1144823068
286.2492400000 0.1222721001
286.2561800000 0.1071086280
286.2631200000 0.0885125884
286.2700700000 0.1270291528
286.2770100000 0.0719095105
286.2839600000 0.0737808679
286.2909000000 0.0166534866
286.2978500000 0.0628065855
292.0089000000 -0.1121767485
292.0158400000 -0.1149787928
292.0227900000 -0.1470481864
292.0297300000 -0.0904103032
292.0366800000 -0.0880897980
292.0436200000 -0.0825050411
292.0505700000 -0.0592730181
292.0575100000 0.0005562823
292.0644600000 0.0460855824
292.0714000000 0.0764670196
292.0783400000 0.1386514798
292.0852900000 0.1779311757
292.0922300000 0.1643699054
292.0991800000 0.1914192543
292.1061200000 0.1477101965
292.1130700000 0.2095971568
292.1200100000 0.1362261038
292.1269600000 0.1282629133
292.1339000000 0.1128383985
292.1408400000 0.0678160005
292.1477900000 0.0731934875
292.1547300000 0.0163186348
292.1616800000 -0.0052005345
292.1686200000 -0.0982737526
292.1755700000 -0.0770730154
292.1825100000 -0.1828335802
292.1894600000 -0.1897058800
292.1964000000 -0.2147195808
292.2033400000 -0.1687547737
292.2102900000 -0.2003927291
292.2172300000 -0.2364575864
292.2241800000 -0.2083883972
292.2311200000 -0.1955926148
292.2380700000 -0.1631771362
292.2450100000 -0.1994614890
292.2519600000 -0.1726340342
292.2589000000 -0.0800186159
292.2658400000 -0.0626432227
292.2727900000 -0.0378239512
292.2797300000 -0.0214372357
292.2866800000 0.0428262970
292.2936200000 0.1212938466
292.3005700000 0.0548907406
292.3075100000 0.0949053830
292.3144600000 0.0911383811
292.3214000000 0.0355231830
